-285
869
-14
-199
270
321
918
-918
-984
-149
894
162
288
-767
101
-421
-691
-529
-967
-772
191
-730
-400
279
-994
424
-468
-673
192
-699
217
-72
803
-865
-281
159
-51
-325
-946
-999
179
279
-550
-73
494
539
-444
518
-220
892
901
-729
597
-821
-432
-283
-993
-751
-828
-572
520
-322
-140
-198
-523
650
486
281
125
-315
408
-843
157
240
545
318
440
-681
-455
-628
-533
84
501
-470
-136
317
-603
-918
676
718
-178
-539
818
312
550
923
-967
419
532
545
-642
-635
-713
631
752
-624
-608
-462
-830
769
808
-455
-310
357
-703
980
-886
-505
489
-694
-112
889
108
286
-350
772
-47
-486
15
-808
-521
50
120
35
-570
-529
437
-338
843
915
-14
-627
138
158
-328
940
-80
-53
-145
-776
-17
354
-200
-996
408
691
-15
-638
721
698
906
-983
982
949
245
969
293
-913
-156
-748
-643
-25
952
978
-505
385
541
954
-480
176
614
-22
-42
-86
799
-967
933
-45
-724
-113
-888
182
572
779
783
-755
770
420
-55
590
328
489
-166
302
-398
-390
734
779
-337
-415
-716
-412
479
-322
643
36
970
-374
-67
259
106
-470
712
-422
958
-390
255
180
-810
73
-365
529
-221
-80
787
-872
-809
-910
-475
-63
-759
-605
757
121
641
-462
-195
900
-335
580
366
360
-614
-658
-485
770
-98
-895
-99
497
-261
-466
-655
-893
240
225
-921
658
-880
912
915
-620
212
489
94
-679
783
605
-661
452
-412
712
-854
-887
339
-426
-233
-859
232
351
536
-734
517
-768
-242
-133
725
-41
-825
179
164
-673
970
133
-664
-583
227
-341
-721
442
445
-567
-602
-757
-896
-652
-729
-743
297
-602
-617
-766
-118
627
-207
-133
-423
463
267
576
-727
469
-705
-814
-274
-376
506
618
218
473
-223
-980
309
591
-469
-680
-184
-632
-295
-560
-319
-793
-174
-823
-953
-678
-142
-49
-851
994
764
52
632
746
-621
902
-491
-20
750
-272
-612
678
-94
282
-287
138
530
-147
4
-470
404
-881
501
154
-238
565
-120
-149
-971
-928
-602
-266
254
742
294
-168
945
657
-904
180
-384
187
394
-346
667
124
-62
-361
302
-62
-361
731
-78
-154
694
260
-686
355
810
796
-12
-635
732
-49
84
734
608
485
516
-573
300
100
-21
-278
-684
-148
900
940
-43
-432
-120
61
956
-221
889
-10
912
-919
46
-911
-761
295
104
871
99
-444
512
692
-477
675
-76
-967
459
199
-394
682
337
-592
485
-317
-782
-701
164
553
399
-280
-633
-290
708
-137
-360
-820
-865
636
-607
48
600
-209
618
519
-224
996
-947
40
-525
-500
-777
-193
480
627
-716
300
940
848
-883
-239
-421
-623
451
370
995
-261
941
-1000
-95
124
-609
-854
449
544
162
998
574
-744
-82
-650
975
529
-907
-495
842
31
-667
627
483
423
-351
395
563
892
-634
668
582
-988
907
382
-478
67
526
450
383
223
-386
-233
734
473
657
719
504
-315
-983
-964
-275
-586
649
-307
467
-443
-954
867
-337
713
537
117
-740
-173
913
-131
838
-796
-801
-926
548
553
351
643
759
-481
54
-725
-247
-619
782
-652
-19
-491
-417
893
687
-12
-832
-885
-731
-248
-758
-911
-423
866
260
580
-770
173
-826
187
699
-159
-279
-570
455
467
-764
648
-91
453
589
406
622
365
-250
727
803
-400
13
-436
587
596
960
-750
483
-345
430
-102
-304
-469
13
-931
188
308
490
-437
317
896
-707
989
348
-835
120
826
834
-705
188
469
439
6
80
457
-759
-150
576
623
-611
-284
-386
727
-544
-898
-512
450
116
-300
74
502
-287
-814
-168
712
231
-644
567
-423
995
90
828
702
-596
724
-157
-391
809
991
458
-898
478
-620
-350
308
-648
-625
844
-326
-790
-933
-716
336
-238
-989
-522
-657
162
-608
-679
-654
-69
162
-501
425
731
711
-649
36
93
576
570
-521
-986
903
991
525
-157
-388
953
-233
712
117
-70
717
192
578
273
-581
-829
-611
629
158
292
-522
638
830
-144
-852
-186
343
815
341
113
173
951
386
569
122
959
927
-413
-597
-780
-472
-609
-59
-919
-202
618
948
-764
-429
-8
950
142
342
-921
-574
-745
-928
567
-313
645
-527
560
-907
500
525
24
814
101
423
-999
-976
327
-72
582
-801
762
708
299
-590
312
586
-60
-477
-222
-442
-769
301
870
-865
-464
402
643
925
-535
-516
-468
-63
873
-63
-734
908
705
445
25
-486
-940
155
-565
-923
122
818
-642
-844
707
996
-943
-549
236
-168
369
527
979
212
-598
53
979
900
-145
883
-404
-867
620
-70
-656
-283
-703
-530
-713
-163
410
904
-376
551
792
87
38
-9
-43
-346
656
-868
453
1
592
-547
-536
620
911
-507
-960
-711
-38
460
488
-73
288
-963
-900
-447
751
297
747
301
-714
-120
-985
-258
990
735
-207
371
-630
-876
295
-162
-100
-596
-979
885
-34
-894
154
704
-721
-508
316
180
-561
-500
-828
-986
147
897
-826
-904
-133
367
-234
-612
589
905
-776
-565
227
62
-488
-65
-320
-181
-403
-87
824
-425
456
214
-835
-199
301
-979
638
378
970
-203
740
-306
-731
-564
-985
605
238
-94
-947
-647
-544
-888
213
43
-241
471
634
253
571
840
-204
287
-403
-555
772
904
23
-630
89
531
453
-763