94 84
40 27
42 54
88 45
1 13
12 29
52 61
66 73
16 91
78 98
32 59
54 8
7 23
46 84
39 100
48 48
14 21
78 42
46 95
52 29
79 14
16 62
1 9
72 98
15 64
70 25
97 7
0 28
83 53
34 20
96 36
34 59
64 6
87 10
48 26
27 11
83 54
97 77
84 49
30 65
90 55
53 58
67 17
54 60
77 86
82 36
3 9
17 76
39 40
60 2
37 23
68 51
39 36
64 87
63 92
89 85
73 100
85 51
88 2
57 29
100 55
100 98
14 11
1 79
6 33
25 92
85 89
69 25
70 50
77 1
98 27
87 97
3 100
64 28
46 49
93 3
41 59
82 22
90 78
94 73
53 80
99 16
23 95
21 31
56 1
77 78
36 74
91 56
32 95
61 33
92 28
91 29
91 75
97 46
64 92
74 12
71 55
80 18
65 64
6 2
81 59
40 58
27 34
94 20
58 35
74 93
7 38
88 84
34 28
34 34
10 17
4 4
44 79
77 80
65 84
60 19
38 78
99 96
51 73
53 88
69 80
77 74
48 62
85 86
78 33
10 34
9 65
99 3
24 55
92 54
33 74
76 36
29 36
23 94
53 44
44 53
63 21
99 27
99 53
48 77
45 74
91 53
19 8
9 59
16 7
0 24
92 17
43 51
90 15
18 36
55 93
17 38
78 51
36 91
89 10
95 74
0 29
22 98
24 57
60 22
84 70
4 73
33 23
8 47
78 29
97 62
98 100
33 67
50 99
4 9
94 65
25 0
88 98
64 37
63 10
27 90
37 84
22 55
17 47
66 29
59 62
64 97
19 7
56 88
25 72
49 77
76 49
60 51
27 87
16 64
44 91
90 88
52 8
24 16
14 8
64 70
88 32
65 31
2 10
2 12
78 54
27 28
11 41
45 60
90 82
40 44
90 63
0 70
23 65
65 23
28 5
12 16
95 91
58 91
24 97
28 30
30 39
37 38
52 89
4 45
44 51
24 67
68 42
38 73
55 32
87 87
33 17
40 62
64 16
44 56
45 43
57 42
48 2
3 84
51 10
11 27
83 40
39 35
74 86
79 84
18 57
79 9
29 80
50 57
83 33
26 22
83 60
58 2
26 26
77 8
66 31
21 72
79 0
59 100
10 38
6 0
46 41
45 15
35 11
79 73
83 36
53 92
98 56
70 62
22 66
37 65
62 95
68 63
51 94
41 70
62 94
69 76
20 65
54 15
54 70
59 4
5 18
29 67
19 54
73 19
17 56
90 58
85 39
43 15
68 0
66 84
77 10
66 0
88 14
69 28
56 32
72 7
76 22
31 34
68 9
59 77
69 66
9 21
45 39
94 55
56 78
22 60
72 24
46 79
18 69
60 49
60 47
27 72
48 100
11 64
25 98
98 39
80 2
47 45
90 48
47 50
89 14
1 94
62 0
87 94
36 78
41 33
10 39
48 92
67 61
6 80
86 98
71 92
97 91
99 0
98 63
45 91
62 57
94 80
34 7
4 78
92 33
20 43
73 18
5 85
66 7
100 29
49 90
96 100
13 5
29 60
44 39
5 94
77 52
19 68
79 12
17 22
32 40
86 54
81 5
12 50
78 49
26 67
44 97
89 86
86 69
28 98
85 16
99 8
48 6
61 51
99 29
67 4
71 13
67 57
32 20
66 70
48 64
89 60
26 43
41 90
57 78
64 59
87 1
7 94
53 59
38 69
12 99
4 90
16 93
75 37
34 63
8 45
72 8
56 63
80 3
57 15
74 23
38 33
63 55
61 63
47 26
81 88
68 45
44 66
35 73
14 25
37 57
75 78
10 45
53 100
98 94
1 19
35 60
70 54
24 74
58 87
36 5
52 17
99 72
84 10
49 56
71 6
37 96
78 26
4 33
48 85
94 58
25 89
79 90
37 40
82 28
10 6
46 25
95 52
34 4
82 76
63 61
65 19
36 65
31 22
46 89
90 24
22 29
34 57
51 61
84 63
95 67
14 44
6 19
49 3
92 21
48 24
73 35
62 100
48 58
5 52
65 42
42 5
21 6
76 23
77 36
80 33
18 80
79 53
13 42
3 7
0 31
54 48
49 79
21 92
10 8
92 4
100 94
77 13
21 65
87 53
98 47
3 26
82 16
21 88
89 93
92 32
45 69
66 36
21 29
94 17
6 100
6 66
14 86
71 30
46 24
76 79
84 34
97 1
78 41
3 33
9 71
62 9
84 2
39 19
40 28
89 27
97 84
69 58
95 10
8 51
40 78
20 41
97 97
93 9
62 54
5 57
62 14
50 93
97 34
82 95
46 0
64 3
26 50
77 57
95 15
51 66
90 66
93 34
12 47
22 57
98 25
2 43
17 82
74 34
32 79
11 94
17 70
85 78
89 77
93 71
51 85
39 20
90 19
43 97
67 54
4 98
22 27
18 77
7 64
53 66
40 43
23 35
76 84
48 99
38 34
9 74
55 91
57 14
81 89
98 86
43 40
76 68
67 87
32 19
23 80
28 92
74 49
74 22
100 10
52 33
77 17
76 89
4 29
23 4
88 54
8 8
2 28
57 72
100 12
16 39
93 0
4 68
52 72
26 98
90 73
8 2
11 22
77 91
98 37
100 63
12 18
14 10
80 25
97 51
34 9
49 83
8 90
18 90
44 24
46 52
96 97
72 35
55 33
98 3
97 43
39 63
84 38
50 62
45 59
71 28
8 30
26 37
79 60
46 6
76 33
50 88
41 47
28 90
25 52
67 49
34 66
35 35
65 94
60 92
54 91
75 94
50 90
17 88
53 96
5 62
100 13
32 6
93 21
41 8
85 84
91 92
97 4
14 79
0 26
51 15
52 3
91 45
43 80
99 51
48 78
15 71
93 75
53 49
9 92
62 76
5 80
8 29
73 72
73 16
86 96
60 74
32 91
93 88
82 11
65 39
100 28
17 12
30 75
89 13
81 21
29 27
32 83
16 84
2 97
60 14
31 64
33 8
27 44
59 52
59 2
38 11
55 85
49 4
77 15
69 69
21 91
7 28
99 6
80 59
48 71
76 91
67 71
57 48
24 33
64 79
72 17
84 0
76 19
21 37
100 9
51 4
57 67
0 40
100 22
60 71
45 99
91 9
22 58
13 51
4 60
50 4
57 92
7 71
45 72
61 95
15 46
81 98
94 100
85 90
3 81
17 32
78 52
7 84
23 32
81 76
13 77
21 93
9 84
50 87
1 98
16 57
46 9
25 55
50 2
9 53
14 64
47 58
55 57
94 7
48 40
59 17
86 100
63 94
81 9
90 62
45 3
0 37
41 9
28 9
56 57
44 55
0 100
59 82
80 38
62 29
49 92
74 2
49 10
26 96
95 25
17 81
59 46
40 1
44 88
1 93
94 8
41 26
26 21
82 24
58 6
89 87
16 49
82 78
75 1
47 38
71 40
36 87
24 25
20 36
56 12
95 63
80 48
15 53
93 58
44 36
20 83
37 83
95 39
86 68
54 61
24 8
53 17
22 30
84 97
6 68
97 72
35 40
33 55
57 11
12 72
19 25
89 28
43 12
7 11
53 94
72 61
40 91
34 98
5 84
13 25
29 54
7 61
73 65
81 68
63 22
53 70
40 60
36 68
63 27
71 9
51 11
12 43
71 100
54 82
37 10
100 83
55 37
51 76
71 34
60 13
94 68
40 21
8 7
51 98
87 15
86 92
46 30
39 10
26 87
36 0
31 8
62 56
45 63
25 8
60 67
82 53
7 14
58 95
17 93
44 38
45 58
30 83
2 55
63 98
93 80
9 41
81 45
14 69
11 66
38 12
64 14
7 0
76 61
77 42
28 97
89 7
52 21
22 13
48 28
44 4
47 13
31 75
18 35
61 75
1 59
90 52
83 5
55 78
35 87
92 11
84 91
83 41
90 36
39 99
3 27
70 89
16 83
20 74
89 36
61 34
13 79
51 63
83 71
5 65
57 73
86 94
54 7
71 51
88 99
8 60
43 55
63 71
23 25
89 16
39 57
65 97
64 100
84 64
14 85
31 65
81 2
57 28
84 79
27 46
97 39
24 44
100 58
50 7
24 34
95 11
97 3
38 28
75 15
82 81
58 11
41 74
27 40
50 0
60 44
16 47
86 42
28 35
83 75
59 60
49 5
33 51
51 95
53 12
62 28
82 8
26 91
21 32
55 28
45 16
83 43
43 39
78 97
34 47
91 69
17 65
20 25
88 16
52 96
33 6
2 88
12 40
41 6
9 58
40 14
67 67
1 1
68 33
85 52
